15
49
52
13
14
14
2
86
87
18
79
3
36
31
55
78
55
42
16
57
26
46
50
77
61
90
87
84
3
5
5
85
64
17
27
72
5
45
92
60
30
66
14
52
98
29
7
5
93
19
18
14
10
27
10
58
68
50
3
6
54
0
99
29
21
37
44
3
78
66
86
71
29
27
29
38
66
52
67
5
74
85
80
28
70
68
13
37
50
62
5
44
57
62
34
18
5
51
59
93
82
28
73
53
14
30
78
22
42
86
47
58
70
6
26
66
63
53
37
5
47
7
50
86
22
74
97
27
53
92
47
77
6
85
30
56
91
72
85
51
69
17
47
24
94
59
24
5
36
79
21
46
98
88
45
45
50
64
92
68
67
86
65
21
80
77
79
50
99
79
10
90
34
73
22
8
55
49
64
23
33
49
46
48
5
98
26
6
47
45
23
61
83
76
34
20
0
27
82
53
80
85
40
86
99
75
77
43
42
46
51
13
38
92
31
48
31
13
62
95
69
94
2
30
70
73
50
26
74
74
49
87
89
37
8
44
57
28
88
3
32
43
31
26
29
95
62
99
3
13
83
77
90
46
79
32
49
29
19
0
1
24
80
58
17
32
31
40
9
27
44
40
28
52
36
26
73
77
43
61
64
22
35
70
94
15
0
3
43
39
19
88
67
29
26
63
45
66
80
52
77
93
20
40
13
9
59
90
31
74
70
23
27
82
61
99
95
44
92
30
40
65
84
22
70
91
79
13
20
23
67
15
29
32
68
16
34
15
53
14
1
60
34
36
74
42
0
60
78
73
64
51
0
89
13
48
69
87
84
97
59
73
68
10
32
19
40
14
14
98
49
56
73
80
45
91
65
78
21
19
68
39
44
78
66
83
7
77
59
27
79
53
77
10
58
67
42
8
31
50
83
2
9
99
22
26
84
4
80
41
74
28
22
97
37
49
19
13
31
61
72
28
57
78
36
7
81
1
0
68
47
73
36
96
93
41
15
19
77
36
86
20
69
76
50
67
2
95
42
63
94
97
97
19
55
58
28
94
41
66
68
37
4
48
21
15
63
7
53
26
0
34
22
39
84
58
55
7
63
43
21
85
64
51
33
69
66
20
71
68
19
43
83
15
42
70
41
22
3
93
27
8
2
0
19
76
87
65
2
7
40
39
64
73
1
11
62
43
82
13
40
24
12
43
36
65
75
99
95
96
64
23
9
75
53
83
37
5
97
12
12
14
7
97
47
68
18
62
49
73
50
14
23
8
3
44
82
54
58
19
30
40
42
45
61
86
27
93
29
66
59
80
79
78
74
70
86
74
67
92
65
70
66
55
89
3
50
46
65
9
81
28
30
26
72
41
77
59
97
50
37
61
47
84
13
23
90
50
35
17
46
13
36
45
89
81
99
33
4
57
79
1
89
46
22
51
50
68
36
12
63
44
97
68
98
74
10
47
84
95
2
16
39
17
22
68
72
28
31
92
48
95
43
56
30
50
10
31
87
21
98
34
2
31
89
89
61
49
40
40
12
69
1
84
73
49
8
41
36
27
31
5
67
29
11
92
17
39
34
7
73
23
10
69
46
51
96
16
79
8
73
32
48
26
19
50
4
14
36
4
49
36
90
8
38
30
1
72
33
19
53
86
81
38
44
35
82
68
94
29
91
17
15
67
83
0
15
15
26
97
51
65
46
93
50
52
46
58
51
94
40
10
55
5
88
13
61
66
74
40
70
8
62
7
78
0
65
33
39
23
11
19
75
49
62
98
27
35
24
68
97
97
31
86
89
14
22
39
95
74
21
8
61
85
39
91
77
16
50
22
80
62
63
15
7
79
0
12
68
61
24
44
83
0
98
37
27
95
36
40
66
44
26
15
16
6
24
11
42
78
87
94
35
88
7
30
48
78
16
96
25
18
5
56
89
57
25
50
42
94
5
92
17
46
3
49
89
28
87
12
64
2
26
2
9
78
97
50
49
1
36
59
58
89
50
43
85
41
8
26
22
85
49
56
75
77
98
9
54
39
84
30
65
49
45
50
31
2
56
54
85
80
90
37
62
76
8
23
16
59
1
10
1
59
79
44
41
29
41
99
43
99
23
20
88
52
16
43
5
25
30
88
58
11
78
3
24
64
59
21
2
80
84
59
20
38
74
13
96
76
25
43
13
10
33
96
15
59
78
58
78
32
78
68
16
51
59
95
92
96
9
32
75
99
60
22
8
6
74
71
43
93
1
27
33
10
74
3
13
7
49
45
37
76
77
7
5
52
62
66
88
